339.350000 
339.960000 
340.590000 
341.170000 
341.670000 
342.130000 
342.610000 
343.100000 
343.490000 
343.600000 
343.340000 
342.720000 
341.900000 
341.010000 
340.180000 
339.410000 
338.660000 
337.930000 
337.320000 
337.000000 
337.070000 
337.520000 
338.210000 
338.960000 
339.600000 
340.100000 
340.510000 
340.890000 
341.320000 
341.840000 
342.390000 
342.920000 
343.400000 
343.780000 
343.990000 
343.960000 
343.690000 
343.280000 
342.850000 
342.360000 
341.680000 
340.690000 
339.450000 
338.240000 
337.360000 
337.010000 
337.170000 
337.690000 
338.370000 
339.110000 
339.840000 
340.560000 
341.280000 
341.790000 
342.070000 
342.150000 
342.250000 
342.640000 
343.430000 
344.460000 
345.370000 
345.860000 
345.870000 
345.510000 
344.950000 
344.230000 
343.340000 
342.270000 
341.160000 
340.210000 
339.600000 
339.400000 
339.540000 
339.910000 
340.400000 
341.000000 
341.710000 
342.480000 
343.260000 
343.810000 
344.150000 
344.360000 
344.610000 
345.060000 
345.700000 
346.410000 
346.990000 
347.280000 
347.250000 
346.960000 
346.460000 
345.770000 
344.910000 
343.910000 
342.850000 
341.890000 
341.220000 
340.980000 
341.190000 
341.690000 
342.300000 
342.890000 
343.390000 
343.790000 
344.140000 
344.420000 
344.780000 
345.300000 
345.930000 
346.550000 
347.070000 
347.530000 
347.960000 
348.340000 
348.530000 
348.410000 
347.930000 
347.140000 
346.120000 
345.010000 
343.990000 
343.190000 
342.690000 
342.470000 
342.520000 
342.830000 
343.360000 
344.020000 
344.690000 
345.260000 
345.710000 
345.970000 
346.150000 
346.360000 
346.740000 
347.350000 
348.110000 
348.880000 
349.480000 
349.800000 
349.790000 
349.430000 
348.750000 
347.850000 
346.900000 
346.010000 
345.240000 
344.560000 
343.970000 
343.540000 
343.430000 
343.780000 
344.530000 
345.450000 
346.230000 
346.740000 
347.050000 
347.300000 
347.620000 
348.010000 
348.460000 
348.980000 
349.610000 
350.320000 
351.000000 
351.480000 
351.660000 
351.520000 
351.070000 
350.330000 
349.380000 
348.340000 
347.400000 
346.700000 
346.310000 
346.200000 
346.350000 
346.770000 
347.420000 
348.170000 
348.830000 
349.290000 
349.650000 
350.020000 
350.520000 
351.090000 
351.630000 
352.120000 
352.630000 
353.190000 
353.720000 
354.070000 
354.140000 
353.950000 
353.550000 
352.980000 
352.210000 
351.250000 
350.190000 
349.260000 
348.680000 
348.540000 
348.750000 
349.110000 
349.510000 
349.960000 
350.550000 
351.270000 
352.070000 
352.550000 
352.770000 
352.870000 
353.070000 
353.510000 
354.220000 
355.020000 
355.660000 
355.970000 
355.920000 
355.630000 
355.190000 
354.590000 
353.740000 
352.600000 
351.300000 
350.120000 
349.360000 
349.130000 
349.370000 
349.910000 
350.130000 
350.960000 
351.560000 
352.260000 
